1.128717852869112193e-01
-8.786025693915604506e-01
7.544993703392619544e-01
1.593738509299222894e-01
8.569827941431171769e-01
2.765178145561608680e-01
1.616036736974112709e-01
9.298183462792932730e-01
9.919610863884997798e-01
8.816572059571972098e-01
1.029915855922796997e+00
7.787664443968774636e-03
-6.772094280918956599e-01
4.887214401641104544e-01
-1.136473494728562628e-01
6.463822480699015216e-01
4.656894174173714096e-01
7.497799912086229313e-01
-6.528419016384212625e-01
-5.690773717803843113e-01
-2.316783387520029436e-01
-5.682710834113215981e-01
1.281419119114843852e-01
-8.325204969750927830e-01
-9.135833241342528055e-01
-9.108193393920531733e-01
-5.506163770329735030e-01
-5.867420294390921498e-01
-6.133110326869051221e-01
6.808697294496468544e-01
5.097513798250448147e-01
1.059286849160339328e+00
2.015630330421096517e-01
-9.476261440536504210e-02
3.748339123002750739e-01
9.206562367530868318e-01
1.002103904842748250e-01
7.495659541191460606e-01
-4.777620609764525739e-01
6.824872628438063416e-01
-5.201614280876150076e-01
-1.569012063319377148e-01
-2.180318199405171242e-01
-6.130301148405714606e-01
3.688637356456325733e-01
9.357476583853197027e-01
7.394897841500334135e-01
4.497553344918222007e-01
9.203059789570740001e-01
-7.320623763853983945e-01
8.690436292142005303e-01
6.779930309229491581e-01
-9.198633193483551906e-02
-8.598227030310275076e-03
3.110366279470058171e-01
2.677211110196431321e-01
4.473783888282014676e-01
-9.942566653105875396e-01
-5.183727207620183464e-01
1.024491887518071742e+00
1.037869635027218518e+00
-5.483813149376726148e-01
-8.969824662549363836e-01
-2.627921009901275085e-01
8.821609539006285416e-01
5.522054299024823365e-01
8.973083096927867430e-01
-5.584730907395893951e-01
5.350337836173011397e-01
6.607217891340870786e-01
-6.650366892136894137e-01
1.244561016157823552e-01
-8.909614677885500100e-01
9.358778323921770337e-01
7.063108031401128528e-01
5.430135285479094076e-01
2.853690108859728292e-01
-9.478587568490446369e-01
2.328278737470795834e-01
1.147216372604262791e-01
2.116375172029498763e-01
-7.167712665344296852e-01
-9.249301804977747565e-01
5.488539993015244534e-01
-1.932463936694546192e-01
-8.458850707343640307e-01
-2.586093840234529040e-01
7.563953826430811489e-01
9.123295701672722302e-01
-4.993063452190042995e-01
-7.953794783162715376e-01
-3.766062530222704652e-01
8.695184130838042869e-01
3.552748692153854387e-02
1.057574759859873259e+00
2.248451836604665743e-01
-8.763423434979333848e-02
-8.751001842057735125e-01
-9.845812143737940891e-01
6.841048570786718575e-01
-7.645767596786994247e-01
6.308163394192134454e-02
9.130504691909491211e-01
3.061040103096511755e-01
8.013395958833235966e-01
-9.791399262462743280e-01
-5.515919499006789462e-01
-2.704720596425822521e-01
7.546908664750748841e-01
-8.092745005815658033e-01
4.448485282658865003e-02
-8.880827438925162909e-01
4.949296084624208447e-01
6.769527155860384227e-01
-9.128144064473353581e-01
-8.964110229674702168e-01
4.041026092463753105e-01
1.149506285225072588e-01
4.039584051533040565e-03
5.127154094054304778e-01
-4.341715981878486730e-01
1.862092281686769102e-01
2.041879073357932839e-02
-3.285379467951514698e-01
3.055276777719182491e-01
-2.559600306316092144e-01
-4.197806381652853247e-01
5.987961187830312948e-01
-7.943543381173094886e-01
1.053776934988759351e+00
1.783133761898203495e-01
1.554559378537046788e-01
-3.283140269367130770e-01
2.052158582298240219e-01
4.491976060380598046e-02
1.462033375015394099e-01
-9.356877161644745478e-01
-8.247470137354184772e-01
9.102449628608493271e-01
1.026582861134240243e+00
-5.973163230590010642e-01
-9.747447408743563635e-01
7.157163812116992263e-01
8.576152467850342020e-01
-5.514188389487741926e-01
-7.207485272462221815e-01
2.680612294083684066e-01
-7.093745091028162975e-01
-7.591938601528718245e-01
4.082553006716729271e-01
-9.853975605032285756e-01
-7.739555654322742839e-01
4.831726780360137141e-01
5.290849021148424924e-01
9.313304355784105537e-01
-7.190956477001471114e-01
-6.269654025663911057e-01
4.851354575894218368e-01
4.659932890639275627e-01
2.730176336564936745e-01
9.538825963607600045e-02
-2.394386548586782126e-01
9.797815045340176887e-01
6.645270457861715552e-02
6.153249177643314027e-01
-9.317982510080993208e-01
-6.948467575927566031e-01
-3.008789422380218070e-01
9.425318768935768698e-01
-6.724345646839262614e-01
1.627475589277551649e-01
8.861893381961722937e-01
5.126162222080168362e-01
4.574917787587233775e-01
7.819842776826153585e-01
-7.106431986745462837e-01
-1.916562874373495262e-01
7.534745872533084032e-01
-1.344748840049572181e-01
-6.708886636251412128e-01
4.450276657862638208e-02
3.300845806269734339e-01
-6.354322552492797094e-01
7.562689265095652313e-01
2.546356265893763293e-01
-8.420310856719424031e-01
-9.555837796305830523e-01
4.196287920481491795e-01
-6.365406748786277547e-01
2.939017104531814750e-01
7.735346267760050409e-01
-9.718890132745663379e-01
3.302352775886419067e-02
8.225236740300267968e-01
6.862268197774421541e-01
3.015216248422241119e-01
1.364432649846196721e-01
-5.928198080722610896e-01
3.132801851378417268e-01
1.038496552847576471e+00
